60 1
42070.29
-23607.01
46263.81
30677.28
7479.89
62927.44
56416.73
92314.24
85085.85
10016.23
37278.31
59613.43
88779.40
115175.31
82737.60
94742.43
133250.01
124781.07
186027.72
105017.87
207721.28
221837.21
208788.31
227948.05
219358.68
224196.55
293549.80
267346.48
317508.74
260707.54
273808.58
311418.80
374661.50
335054.21
392837.59
407071.91
379761.59
475980.68
508641.65
481722.21
485604.84
556584.83
556695.83
525580.13
634827.56
604696.46
599497.76
676769.96
692533.68
717927.93
737516.19
817445.37
758297.71
822420.50
854000.79
904623.45
927515.51
935429.97
978626.06
988680.29
